1000001/1	0	28	0	2
1000002/1	0	28	0	4
1000003/1	0	28	0	4
1000004/1	1	28	0	4
1000005/1	0	28	0	2
1000005/2	0	25	0	2
1000002/2	0	25	0	4
1000004/2	1	25	0	4
1000003/2	0	25	0	4
1000001/2	0	25	0	2
1000006/1	0	36	0	4
1000007/1	1	36	0	4
1000008/1	0	36	0	4
1000009/1	0	36	0	4
1000010/1	0	36	0	2
1000007/2	1	36	0	4
1000006/2	0	36	0	4
1000009/2	0	36	0	4
1000008/2	0	36	0	4
1000010/2	0	36	0	2
1000011/1	0	33	0	4
1000012/1	0	33	0	4
1000013/1	0	33	0	2
1000014/1	1	33	0	4
1000015/1	1	33	0	4
1000016/1	0	33	0	2
1000017/1	1	42	0	4
1000018/1	1	42	0	4
1000019/1	0	42	0	2
1000020/1	0	42	0	4
1000021/1	0	42	0	2
1000022/1	0	42	0	2
1000023/1	0	27	0	4
1000024/1	1	27	0	2
1000025/1	0	27	0	2
1000026/1	0	27	0	4
1000027/1	1	27	0	4
1000028/1	0	27	0	4
1000029/1	0	23	0	2
1000030/1	1	23	0	2
1000032/1	0	23	0	3
1000033/1	1	23	0	4
1000034/1	0	15	0	3
1000035/1	0	15	0	2
1000036/1	1	15	0	2
1000037/1	0	66	0,1	1
1000031/1	1	47	0,1	4
1000038/1	0	15	0	4
1000039/1	0	15	0	2
1000040/1	0	19	0	2
1000041/1	0	19	0	2
1000040/2	0	19	0	2
1000041/2	0	19	0	2
1000042/2	0	19	0	2
1000042/1	0	99	0,1,2,3	2
1000043/1	0	32	2	4
1000044/1	0	32	2	4
1000045/1	1	32	2	4
1000046/1	0	32	2	4
1000047/1	0	32	2	2
1000048/1	1	34	2	4
1000049/1	0	34	2	2
1000050/1	0	34	2,3	4
1000051/1	0	34	2	2
1000052/1	1	34	2	4
1000053/1	1	34	2	4
1000054/1	0	9	1,2	4
1000055/1	0	9	2	2
1000056/1	1	9	2	2
1000057/1	1	9	1,2	4
1000058/1	0	9	1,2	3
1000059/1	0	9	2	2
1000060/1	0	23	2	4
1000061/1	0	23	2	4
1000062/1	0	23	1,2	2
1000063/1	0	23	2	4
1000064/1	0	23	2	4
1000065/1	0	47	1,2	2
1000066/1	0	57	1,2	4
1000067/1	0	27	2	6
1000068/1	0	27	2	2
1000069/1	0	57	1,2	2
1000070/1	0	27	2	4
1000071/1	0	51	1	4
1000072/1	0	51	1	4
1000073/1	1	51	1	4
1000074/1	1	51	1	4
1000075/1	1	51	1	4
1000076/1	1	51	1	4
1000077/1	1	51	1	2
1000078/1	1	51	1	4
1000079/1	1	51	1	4
1000080/1	1	24	1	4
1000081/1	1	24	1	2
1000082/1	1	24	1	2
1000083/1	1	24	1	4
1000084/1	0	24	1	4
1000085/1	0	24	1	2
1000086/1	0	30	1	2
1000087/1	1	30	1	4
1000088/1	0	30	1	2
1000089/1	1	30	1	2
1000090/1	0	30	1	2
1000091/1	0	40	3	4
1000092/1	0	40	3	4
1000093/1	0	40	3	4
1000095/1	0	40	3	2
1000094/1	0	40	3	4
1000094/2	1	40	3	2
1000096/1	1	34	3	4
1000097/1	0	34	3	4
1000098/1	0	34	3	4
1000099/1	1	34	3	4
1000100/1	0	34	3	4
1000101/1	1	13	3	4
1000102/1	1	13	3	4
1000103/1	1	13	3	4
1000104/1	1	13	3	2
1000105/1	0	13	3	2
1000106/1	1	18	3	4
1000107/1	1	18	3	4
1000108/1	1	18	3	4
1000109/1	1	18	3	4
1000110/1	1	18	3	3
1000111/1	0	18	3	3
1000113/1	1	23	3	4
1000112/1	1	23	3	4
1000114/1	1	23	3	4
1000115/1	0	23	3	4
1000116/1	0	23	3	2